32 1 std 1 1 2 5 0 0 -1 40
32 2 std 1 2 2 5 0 0 -1 40
32 4 std 1 4 2 5 0 1 -1 40
64 1 std 1 1 2 6 0 0 -1 40
64 2 std 1 2 2 6 0 0 -1 40
64 4 std 1 4 2 6 0 1 -1 40
128 1 std 1 1 2 7 0 0 -1 40
128 2 std 1 2 2 7 0 0 -1 40
128 4 std 1 4 2 7 0 1 -1 40
128 8 std 1 8 2 7 1 0 -1 40
128 16 std 2 8 2 7 1 1 -1 40
128 32 std 4 8 2 7 2 0 -1 40
256 2 std 1 2 2 8 0 0 -1 40
256 4 std 1 4 2 8 0 1 -1 40
256 8 std 1 8 2 8 1 0 -1 40
256 16 std 2 8 2 8 1 1 -1 40
256 32 std 4 8 2 8 2 0 -1 40
256 64 std 8 8 2 8 2 1 -1 40
256 128 std 16 8 3 8 3 0 -1 40
256 256 std 32 8 3 8 3 1 -1 40
512 16 std 2 8 2 9 1 1 -1 40
512 32 std 4 8 2 9 2 0 -1 40
512 64 std 8 8 2 9 2 1 -1 40
512 128 std 16 8 3 9 3 0 -1 40
512 256 std 32 8 3 9 3 1 -1 40
512 512 std 64 8 4 9 4 0 -1 40
512 1024 std 128 8 4 9 4 1 -1 40
512 2048 std 256 8 5 9 5 0 -1 40
1024 128 std 16 8 3 10 3 0 -1 40
1024 256 std 32 8 3 10 3 1 -1 40
1024 512 std 64 8 4 10 4 0 -1 40
1024 1024 std 128 8 4 10 4 1 -1 40
1024 2048 std 256 8 5 10 5 0 -1 40
1024 4096 std 512 8 5 10 5 1 -1 40
2048 1024 std 128 8 4 11 4 1 -1 40
2048 2048 std 256 8 5 11 5 0 -1 40
2048 4096 std 512 8 5 11 5 1 -1 40
