32 1 lowmem 1 1 2 5 0 -1 15
32 1 std 1 1 2 5 0 -1 15
32 2 lowmem 1 2 2 5 0 -1 15
32 2 std 1 2 2 5 0 -1 15
32 4 lowmem 1 4 2 5 1 -1 15
32 4 std 1 4 2 5 1 -1 15
32 8 lowmem 1 8 2 5 1 -1 15
32 8 std 1 8 2 5 1 -1 15
32 16 lowmem 2 8 2 5 1 -1 15
32 16 std 2 8 2 5 1 -1 15
64 1 lowmem 1 1 2 6 0 -1 15
64 1 std 1 1 2 6 0 -1 15
64 2 lowmem 1 2 2 6 0 -1 15
64 2 std 1 2 2 6 0 -1 15
64 4 lowmem 1 4 2 6 1 -1 15
64 4 std 1 4 2 6 1 -1 15
64 8 lowmem 1 8 2 6 1 -1 15
64 8 std 1 8 2 6 1 -1 15
64 16 lowmem 2 8 2 6 1 -1 15
64 16 std 2 8 2 6 1 -1 15
64 32 lowmem 4 8 3 6 2 -1 15
64 32 std 4 8 3 6 2 -1 15
128 1 lowmem 1 1 2 7 0 -1 15
128 1 std 1 1 2 7 0 -1 15
128 2 lowmem 1 2 2 7 0 -1 15
128 2 std 1 2 2 7 0 -1 15
128 4 lowmem 1 4 2 7 1 -1 15
128 4 std 1 4 2 7 1 -1 15
128 8 lowmem 1 8 2 7 1 -1 15
128 8 std 1 8 2 7 1 -1 15
128 16 lowmem 2 8 2 7 1 -1 15
128 16 std 2 8 2 7 1 -1 15
128 32 lowmem 4 8 3 7 2 -1 15
128 32 std 4 8 3 7 2 -1 15
128 64 lowmem 8 8 3 7 2 -1 15
128 64 std 8 8 3 7 2 -1 15
128 128 lowmem 16 8 3 7 2 -1 15
128 128 std 16 8 3 7 2 -1 15
128 256 lowmem 32 8 4 7 3 -1 15
128 256 std 32 8 4 7 3 -1 15
256 1 lowmem 1 1 2 8 0 -1 15
256 1 std 1 1 2 8 0 -1 15
256 2 lowmem 1 2 2 8 0 -1 15
256 2 std 1 2 2 8 0 -1 15
256 4 lowmem 1 4 2 8 1 -1 15
256 4 std 1 4 2 8 1 -1 15
256 8 lowmem 1 8 2 8 1 -1 15
256 8 std 1 8 2 8 1 -1 15
256 16 lowmem 2 8 2 8 1 -1 15
256 16 std 2 8 2 8 1 -1 15
256 32 lowmem 4 8 3 8 2 -1 15
256 32 std 4 8 3 8 2 -1 15
256 64 lowmem 8 8 3 8 2 -1 15
256 64 std 8 8 3 8 2 -1 15
256 128 lowmem 16 8 3 8 2 -1 15
256 128 std 16 8 3 8 2 -1 15
256 256 lowmem 32 8 4 8 3 -1 15
256 256 std 32 8 4 8 3 -1 15
256 512 lowmem 64 8 4 8 3 -1 15
256 512 std 64 8 4 8 3 -1 15
256 1024 lowmem 128 8 4 8 3 -1 15
256 1024 std 128 8 4 8 3 -1 15
512 4 lowmem 1 4 2 9 1 -1 15
512 4 std 1 4 2 9 1 -1 15
512 8 lowmem 1 8 2 9 1 -1 15
512 8 std 1 8 2 9 1 -1 15
512 16 lowmem 2 8 2 9 1 -1 15
512 16 std 2 8 2 9 1 -1 15
512 32 lowmem 4 8 3 9 2 -1 15
512 32 std 4 8 3 9 2 -1 15
512 64 lowmem 8 8 3 9 2 -1 15
512 64 std 8 8 3 9 2 -1 15
512 128 lowmem 16 8 3 9 2 -1 15
512 128 std 16 8 3 9 2 -1 15
512 256 lowmem 32 8 4 9 3 -1 15
512 256 std 32 8 4 9 3 -1 15
512 512 lowmem 64 8 4 9 3 -1 15
512 512 std 64 8 4 9 3 -1 15
512 1024 lowmem 128 8 4 9 3 -1 15
512 1024 std 128 8 4 9 3 -1 15
512 2048 lowmem 256 8 5 9 4 -1 15
512 2048 std 256 8 5 9 4 -1 15
1024 64 lowmem 8 8 3 10 2 -1 15
1024 64 std 8 8 3 10 2 -1 15
1024 128 lowmem 16 8 3 10 2 -1 15
1024 128 std 16 8 3 10 2 -1 15
1024 256 lowmem 32 8 4 10 3 -1 15
1024 256 std 32 8 4 10 3 -1 15
1024 512 lowmem 64 8 4 10 3 -1 15
1024 512 std 64 8 4 10 3 -1 15
1024 1024 lowmem 128 8 4 10 3 -1 15
1024 1024 std 128 8 4 10 3 -1 15
1024 2048 lowmem 256 8 5 10 4 -1 10
1024 2048 std 256 8 5 10 4 -1 10
1024 4096 lowmem 512 8 5 10 4 -1 10
1024 4096 std 512 8 5 10 4 -1 10
2048 256 lowmem 32 8 4 11 3 -1 15
2048 256 std 32 8 4 11 3 -1 15
2048 512 lowmem 64 8 4 11 3 -1 15
2048 512 std 64 8 4 11 3 -1 15
2048 1024 lowmem 128 8 4 11 3 -1 15
2048 1024 std 128 8 4 11 3 -1 15
2048 2048 lowmem 256 8 5 11 4 -1 10
2048 2048 std 256 8 5 11 4 -1 10
2048 4096 lowmem 512 8 5 11 4 -1 15
2048 4096 std 512 8 5 11 4 -1 15
2048 8192 lowmem 1024 8 5 11 4 -1 15
2048 8192 std 1024 8 5 11 4 -1 15
2048 16384 lowmem 2048 8 6 11 5 -1 15
2048 16384 std 2048 8 6 11 5 -1 15
4096 2048 lowmem 256 8 5 12 4 -1 15
4096 2048 std 256 8 5 12 4 -1 15
4096 4096 lowmem 512 8 5 12 4 -1 15
4096 4096 std 512 8 5 12 4 -1 15
4096 8192 lowmem 1024 8 5 12 4 -1 15
4096 8192 std 1024 8 5 12 4 -1 15
4096 16384 lowmem 2048 8 6 12 5 -1 15
4096 16384 std 2048 8 6 12 5 -1 15
